#vertices
0
1
2
3
4
5
6
7
8
9
10
11
12
13
14
15
16
17
18
19
20
21
22
23
24
25
26
27
28
29
30
31
32
33
34
35
36
37
38
39
40
41
42
43
44
45
46
47
48
49
50
51
52
53
54
55
56
57
58
59
60
61
62
63
64
65
66
67
68
69
70
71
72
73
74
75
76
77
78
79
80
81
82
83
84
85
86
87
88
89
90
91
92
93
94
95
96
97
98
99
#arestas
0 1 1
0 5 3
0 8 5
0 9 1
0 10 1
0 17 3
0 19 3
0 20 2
0 22 8
0 23 3
0 24 10
0 28 8
0 30 1
0 33 8
0 37 3
0 38 9
0 39 7
0 46 10
0 62 9
0 66 2
0 67 4
0 68 8
0 75 10
0 80 2
0 85 5
0 93 1
0 99 7
1 2 9
1 4 4
1 5 2
1 7 7
1 10 3
1 11 5
1 12 2
1 13 2
1 17 10
1 18 5
1 19 6
1 30 2
1 32 3
1 33 4
1 35 1
1 37 8
1 41 9
1 42 2
1 44 4
1 45 4
1 47 10
1 50 1
1 58 6
1 59 5
1 60 3
1 63 6
1 69 5
1 76 2
1 78 1
1 79 4
1 82 10
1 85 3
1 87 8
1 88 8
1 89 9
1 92 1
1 93 10
1 97 6
1 98 2
2 1 6
2 7 10
2 9 4
2 11 6
2 12 9
2 15 1
2 17 1
2 23 5
2 28 4
2 31 1
2 41 3
2 42 9
2 44 9
2 45 1
2 46 7
2 50 8
2 51 10
2 54 2
2 56 10
2 58 4
2 59 7
2 62 7
2 63 4
2 65 2
2 66 4
2 73 10
2 75 2
2 78 4
2 81 2
2 82 5
2 86 9
2 89 10
2 90 8
2 91 3
2 96 10
2 97 7
2 98 3
2 99 1
3 95 2
3 1 8
3 50 2
3 70 5
3 6 10
3 65 7
3 42 1
3 44 7
3 45 4
3 99 10
3 18 10
3 83 5
3 53 8
3 85 7
3 57 8
3 90 8
3 38 8
3 28 5
3 93 9
3 30 2
3 31 9
4 1 9
4 2 8
4 3 8
4 9 10
4 15 6
4 19 4
4 24 8
4 26 4
4 27 6
4 28 5
4 30 1
4 31 7
4 38 7
4 41 1
4 42 3
4 44 6
4 47 3
4 48 9
4 52 9
4 68 7
4 69 10
4 72 8
4 74 1
4 75 3
4 77 1
4 79 1
4 83 1
4 89 7
4 95 2
5 0 3
5 2 9
5 4 4
5 10 10
5 12 9
5 13 3
5 15 7
5 17 4
5 20 8
5 23 5
5 25 6
5 27 8
5 29 3
5 31 6
5 32 10
5 41 6
5 42 1
5 47 8
5 51 3
5 54 10
5 58 3
5 60 1
5 64 8
5 72 5
5 73 5
5 75 3
5 80 4
5 83 2
5 90 2
5 91 3
5 92 2
5 94 9
5 98 7
6 5 3
6 8 10
6 14 9
6 15 4
6 16 2
6 18 5
6 19 3
6 21 10
6 22 5
6 23 3
6 24 1
6 27 5
6 29 10
6 37 9
6 45 7
6 51 2
6 52 4
6 53 7
6 54 3
6 55 10
6 56 2
6 60 9
6 61 4
6 64 10
6 66 8
6 69 10
6 70 10
6 71 10
6 72 7
6 74 2
6 78 5
6 83 6
6 86 5
6 88 5
6 89 6
6 94 9
6 97 1
6 99 8
7 2 10
7 4 3
7 6 3
7 8 9
7 9 10
7 11 4
7 13 2
7 22 4
7 27 6
7 33 2
7 37 9
7 41 1
7 46 5
7 47 9
7 52 2
7 53 9
7 54 10
7 57 6
7 59 2
7 60 4
7 62 7
7 70 9
7 71 6
7 80 9
7 81 4
7 85 8
7 86 1
7 93 4
7 95 10
7 97 1
7 98 2
8 0 5
8 1 9
8 2 2
8 4 10
8 6 8
8 20 4
8 21 9
8 34 6
8 40 7
8 41 5
8 46 8
8 49 3
8 52 5
8 58 5
8 65 8
8 67 3
8 71 3
8 72 8
8 74 4
8 75 10
8 76 3
8 77 4
8 79 5
8 80 5
8 86 6
8 88 2
8 91 2
8 92 6
8 96 2
8 98 3
9 7 3
9 10 9
9 14 9
9 16 2
9 17 2
9 19 3
9 23 7
9 26 6
9 34 6
9 36 10
9 37 5
9 48 2
9 49 6
9 56 8
9 59 2
9 61 9
9 66 9
9 67 2
9 70 5
9 75 5
9 77 4
9 79 7
9 81 2
9 84 4
9 86 1
9 89 9
9 94 2
9 96 5
10 1 10
10 2 4
10 3 1
10 6 8
10 8 3
10 14 6
10 15 8
10 20 8
10 21 10
10 26 1
10 29 3
10 34 4
10 39 9
10 42 3
10 44 7
10 45 9
10 46 4
10 48 7
10 50 6
10 51 2
10 54 4
10 55 4
10 56 6
10 60 1
10 70 4
10 71 2
10 77 5
10 81 3
10 83 1
10 94 10
10 97 7
11 6 5
11 8 5
11 12 3
11 13 4
11 16 7
11 17 5
11 22 6
11 24 4
11 25 4
11 31 2
11 34 6
11 36 1
11 37 6
11 39 7
11 42 6
11 51 8
11 52 6
11 53 1
11 63 3
11 67 8
11 70 4
11 71 8
11 72 3
11 75 6
11 76 4
11 81 7
11 85 6
11 90 6
11 91 2
11 93 2
11 96 2
11 97 3
11 98 1
11 99 1
12 3 4
12 6 1
12 7 8
12 11 8
12 15 3
12 22 8
12 26 3
12 30 1
12 31 4
12 35 4
12 36 1
12 37 10
12 38 4
12 41 8
12 45 9
12 47 3
12 50 4
12 56 1
12 57 3
12 66 6
12 71 3
12 75 1
12 76 6
12 77 10
12 78 6
12 79 9
12 83 3
12 84 3
12 85 2
12 86 9
12 89 4
12 91 9
12 95 1
12 98 1
13 1 2
13 8 3
13 12 8
13 18 4
13 19 9
13 20 1
13 28 9
13 29 3
13 31 1
13 34 5
13 38 5
13 42 1
13 49 6
13 50 8
13 52 5
13 54 10
13 64 1
13 70 10
13 79 10
13 86 9
13 94 4
13 95 5
14 4 3
14 15 9
14 17 8
14 18 9
14 19 6
14 21 8
14 23 10
14 25 5
14 26 9
14 31 5
14 33 5
14 35 5
14 36 3
14 37 7
14 39 7
14 40 1
14 41 6
14 44 6
14 45 1
14 48 5
14 49 1
14 53 1
14 59 1
14 60 9
14 64 9
14 69 1
14 78 7
14 83 6
14 87 4
14 90 2
14 98 7
15 0 1
15 1 1
15 4 8
15 8 4
15 10 7
15 11 10
15 12 7
15 18 10
15 19 8
15 20 1
15 21 2
15 23 10
15 25 2
15 32 4
15 33 9
15 34 4
15 36 6
15 42 8
15 44 2
15 51 9
15 52 8
15 53 9
15 54 6
15 56 6
15 58 6
15 59 9
15 60 10
15 64 2
15 65 7
15 69 8
15 77 7
15 78 3
15 79 4
15 80 3
15 81 2
15 84 1
15 85 3
15 88 5
15 96 3
15 99 3
16 0 8
16 12 1
16 14 8
16 17 2
16 22 9
16 23 7
16 24 5
16 28 7
16 33 6
16 34 7
16 36 1
16 38 7
16 40 6
16 42 8
16 55 8
16 59 10
16 61 4
16 64 10
16 65 10
16 68 6
16 69 3
16 71 7
16 72 1
16 73 10
16 78 4
16 80 3
16 82 4
16 83 9
16 88 7
16 93 7
16 94 6
16 96 9
16 97 10
16 99 5
17 2 8
17 4 3
17 6 2
17 9 2
17 11 9
17 14 7
17 16 5
17 22 9
17 24 3
17 26 8
17 29 7
17 35 4
17 37 3
17 39 2
17 40 3
17 41 5
17 43 5
17 52 6
17 53 5
17 60 5
17 63 9
17 65 5
17 67 4
17 69 8
17 70 1
17 72 9
17 74 1
17 76 6
17 78 6
17 81 10
17 87 5
17 91 10
17 92 7
17 95 1
17 96 7
17 97 9
17 99 3
18 1 10
18 2 8
18 3 3
18 4 2
18 8 6
18 10 3
18 13 7
18 14 6
18 15 8
18 16 10
18 22 7
18 25 1
18 26 5
18 29 1
18 34 2
18 41 8
18 46 1
18 47 9
18 48 8
18 50 10
18 53 1
18 56 2
18 57 4
18 58 9
18 61 6
18 64 5
18 65 9
18 66 5
18 69 3
18 80 4
18 81 10
18 82 1
18 84 2
18 85 4
18 86 5
18 94 4
18 98 10
18 99 8
19 0 10
19 1 10
19 3 8
19 5 2
19 10 5
19 14 2
19 15 1
19 22 8
19 23 6
19 24 3
19 25 6
19 26 9
19 28 9
19 33 4
19 34 2
19 35 9
19 37 3
19 38 3
19 40 3
19 45 1
19 48 8
19 50 2
19 51 4
19 53 10
19 56 1
19 62 7
19 67 8
19 68 1
19 71 2
19 74 7
19 75 6
19 76 1
19 80 5
19 82 8
19 85 7
19 86 1
19 88 10
19 93 3
19 96 4
20 0 9
20 1 9
20 3 7
20 7 6
20 8 8
20 9 8
20 16 3
20 17 4
20 27 1
20 32 7
20 34 4
20 35 7
20 37 2
20 45 2
20 46 5
20 53 9
20 54 5
20 55 5
20 57 5
20 58 8
20 65 5
20 69 9
20 74 3
20 75 10
20 79 4
20 84 9
20 86 2
20 90 5
20 94 3
20 95 6
20 96 4
20 97 5
20 98 9
21 10 10
21 11 8
21 23 4
21 24 1
21 25 9
21 26 10
21 28 9
21 29 6
21 34 10
21 35 10
21 36 2
21 41 1
21 43 7
21 44 2
21 46 8
21 47 4
21 63 8
21 67 10
21 72 3
21 75 3
21 79 9
21 87 5
21 89 1
21 92 2
22 2 8
22 3 5
22 17 4
22 24 3
22 25 8
22 27 9
22 30 10
22 34 1
22 39 10
22 42 6
22 46 10
22 52 1
22 54 5
22 56 3
22 66 8
22 67 8
22 78 6
22 80 1
22 82 2
22 83 3
22 87 3
22 88 1
22 89 10
22 96 2
23 2 1
23 5 2
23 15 1
23 16 3
23 17 6
23 32 4
23 34 10
23 39 4
23 40 6
23 41 8
23 42 1
23 43 6
23 48 6
23 49 10
23 52 10
23 53 10
23 56 2
23 58 1
23 61 9
23 65 4
23 67 8
23 74 1
23 76 8
23 86 2
23 88 7
23 89 10
23 90 10
23 97 8
24 4 7
24 6 1
24 9 9
24 10 6
24 14 8
24 18 7
24 19 5
24 21 2
24 22 4
24 25 6
24 27 2
24 28 8
24 29 2
24 34 4
24 37 6
24 38 6
24 39 2
24 42 1
24 43 6
24 44 1
24 52 2
24 58 8
24 62 4
24 64 10
24 71 10
24 80 6
24 81 4
24 84 7
24 86 6
24 94 5
24 96 9
24 98 6
25 1 4
25 2 5
25 4 5
25 7 9
25 11 7
25 14 7
25 15 4
25 19 1
25 20 7
25 21 1
25 29 1
25 42 4
25 43 5
25 49 7
25 50 2
25 59 7
25 63 2
25 64 9
25 65 3
25 69 10
25 76 10
25 78 8
25 82 1
25 85 7
25 86 2
25 89 6
25 99 6
26 2 4
26 13 5
26 22 7
26 33 1
26 35 6
26 36 7
26 38 1
26 39 4
26 41 7
26 52 7
26 55 1
26 58 10
26 59 7
26 62 10
26 63 9
26 67 10
26 76 7
26 80 3
26 81 1
26 84 5
26 89 1
26 90 4
26 92 3
26 94 9
26 95 3
26 96 8
26 99 6
27 0 2
27 6 8
27 7 7
27 9 5
27 15 10
27 16 2
27 17 7
27 25 10
27 31 9
27 33 9
27 39 7
27 40 5
27 54 8
27 57 6
27 62 4
27 63 8
27 67 3
27 68 5
27 70 4
27 72 1
27 78 7
27 81 10
27 82 6
27 83 10
27 93 10
27 95 9
27 96 7
27 97 9
28 1 5
28 5 7
28 7 7
28 9 8
28 12 5
28 16 6
28 23 6
28 24 7
28 30 9
28 32 1
28 35 9
28 36 6
28 40 9
28 46 8
28 47 8
28 50 2
28 51 4
28 52 3
28 53 4
28 62 7
28 65 2
28 67 6
28 68 6
28 76 6
28 79 8
28 81 4
28 86 1
28 90 10
28 93 3
28 94 6
28 96 2
28 97 2
29 3 9
29 8 8
29 9 8
29 11 3
29 13 10
29 21 5
29 25 8
29 36 3
29 42 8
29 46 9
29 47 4
29 48 8
29 54 10
29 58 3
29 60 6
29 61 6
29 63 7
29 64 4
29 65 6
29 69 3
29 71 8
29 76 8
29 77 1
29 79 7
29 80 1
29 83 6
29 85 3
29 86 2
29 88 6
29 91 10
29 93 4
29 95 8
30 1 1
30 5 2
30 10 6
30 11 1
30 12 6
30 17 5
30 20 5
30 22 3
30 23 7
30 25 7
30 31 7
30 32 9
30 35 10
30 36 6
30 39 8
30 47 9
30 48 5
30 56 6
30 61 3
30 63 5
30 64 7
30 68 4
30 72 3
30 73 1
30 75 3
30 77 10
30 78 6
30 80 1
30 87 2
30 88 4
30 96 9
31 0 9
31 5 8
31 6 1
31 12 9
31 14 2
31 16 2
31 17 7
31 19 6
31 22 9
31 23 10
31 36 8
31 38 2
31 39 5
31 40 7
31 41 3
31 43 8
31 44 3
31 48 5
31 53 9
31 57 2
31 59 2
31 60 1
31 61 2
31 62 9
31 68 2
31 72 2
31 82 10
31 86 8
31 88 9
31 92 8
31 95 9
31 99 1
32 3 9
32 5 8
32 6 8
32 8 7
32 10 5
32 12 7
32 22 6
32 24 8
32 25 3
32 28 10
32 34 10
32 36 3
32 38 3
32 39 6
32 45 1
32 49 5
32 50 6
32 52 2
32 55 4
32 56 9
32 58 5
32 65 7
32 67 4
32 69 2
32 71 10
32 80 2
32 85 10
32 86 5
32 87 1
32 88 2
32 92 10
32 93 10
32 94 9
32 96 5
33 7 9
33 10 5
33 13 7
33 15 3
33 19 7
33 20 6
33 25 8
33 29 3
33 31 7
33 36 5
33 38 7
33 39 7
33 42 7
33 46 8
33 55 10
33 58 8
33 59 10
33 64 5
33 68 9
33 70 4
33 71 3
33 72 10
33 74 5
33 75 4
33 76 2
33 77 1
33 81 3
33 84 6
33 87 8
33 88 4
33 90 9
33 99 3
34 1 1
34 7 2
34 8 5
34 9 2
34 14 1
34 15 10
34 16 9
34 18 5
34 21 3
34 32 10
34 36 6
34 37 10
34 39 6
34 40 10
34 47 5
34 49 9
34 50 5
34 53 1
34 54 5
34 55 3
34 62 2
34 67 2
34 68 10
34 70 2
34 71 10
34 83 3
34 86 2
34 87 7
34 90 10
34 92 6
34 93 9
34 94 3
34 97 3
35 0 8
35 4 4
35 14 1
35 15 8
35 20 6
35 21 6
35 38 6
35 41 1
35 42 7
35 52 2
35 63 6
35 64 10
35 75 4
35 76 4
35 80 7
35 81 10
35 82 5
35 83 9
35 84 1
35 86 9
35 90 4
35 91 1
35 94 6
35 95 7
35 96 10
36 0 3
36 3 5
36 4 1
36 11 5
36 24 5
36 25 3
36 30 7
36 32 8
36 34 4
36 41 8
36 44 5
36 46 6
36 47 4
36 49 2
36 50 7
36 52 9
36 59 2
36 61 6
36 64 9
36 65 4
36 70 8
36 72 8
36 73 5
36 74 8
36 82 8
36 85 10
36 86 3
36 87 1
36 88 7
36 91 5
36 94 7
36 96 2
36 97 2
37 2 4
37 6 10
37 7 9
37 8 8
37 9 6
37 10 4
37 11 10
37 13 5
37 18 7
37 19 6
37 20 5
37 22 9
37 24 10
37 25 6
37 27 3
37 29 7
37 30 9
37 32 3
37 36 2
37 38 4
37 44 5
37 45 10
37 46 3
37 47 5
37 49 8
37 50 10
37 51 3
37 58 5
37 59 9
37 62 10
37 74 9
37 81 1
37 82 8
37 86 10
37 89 1
37 94 1
37 96 2
38 1 4
38 5 2
38 14 9
38 15 5
38 16 4
38 17 2
38 19 2
38 25 6
38 26 4
38 27 9
38 40 7
38 41 2
38 47 3
38 48 3
38 49 7
38 53 9
38 55 3
38 56 2
38 57 10
38 58 4
38 62 1
38 64 6
38 65 9
38 78 4
38 79 1
38 81 1
38 82 9
38 89 1
38 90 6
38 97 7
38 99 10
39 0 6
39 1 8
39 6 8
39 7 5
39 9 6
39 16 9
39 17 1
39 19 5
39 23 8
39 27 3
39 28 10
39 30 8
39 33 6
39 36 6
39 38 10
39 44 10
39 49 8
39 51 1
39 52 4
39 57 6
39 59 2
39 62 8
39 63 4
39 70 6
39 71 8
39 72 3
39 74 5
39 83 8
39 84 9
39 93 5
39 99 1
40 6 5
40 7 5
40 9 1
40 10 9
40 11 9
40 13 10
40 15 1
40 26 7
40 30 5
40 34 5
40 35 10
40 46 2
40 50 8
40 56 4
40 60 4
40 61 6
40 65 3
40 69 7
40 70 7
40 79 9
40 80 1
40 83 7
40 90 10
40 93 8
41 5 5
41 12 5
41 14 8
41 16 6
41 22 3
41 26 1
41 31 10
41 32 9
41 33 3
41 36 1
41 37 5
41 38 6
41 42 10
41 48 5
41 51 3
41 52 7
41 54 3
41 55 7
41 58 5
41 59 3
41 60 9
41 67 6
41 68 7
41 69 5
41 73 2
41 80 2
41 83 3
41 87 4
41 88 5
41 93 1
41 94 2
41 95 6
42 2 10
42 4 5
42 8 1
42 10 4
42 16 4
42 17 4
42 19 5
42 20 4
42 21 1
42 23 7
42 25 1
42 26 9
42 31 3
42 36 9
42 39 3
42 40 2
42 46 4
42 53 1
42 54 4
42 60 4
42 61 2
42 62 4
42 65 6
42 75 9
42 80 4
42 82 7
42 87 1
42 88 3
42 90 5
42 92 10
42 94 5
42 95 7
43 4 1
43 7 8
43 8 5
43 12 5
43 14 8
43 15 4
43 21 4
43 24 4
43 31 9
43 33 7
43 44 2
43 47 3
43 53 9
43 55 7
43 57 2
43 66 9
43 67 9
43 74 1
43 75 1
43 77 5
43 80 9
43 82 8
43 84 1
43 87 3
43 88 3
43 90 3
43 91 6
43 92 4
43 93 2
43 96 10
44 10 1
44 13 1
44 14 1
44 17 4
44 19 10
44 21 5
44 23 4
44 25 1
44 29 3
44 36 4
44 37 10
44 41 3
44 45 3
44 49 8
44 50 4
44 53 7
44 56 8
44 58 8
44 60 7
44 67 6
44 73 8
44 79 6
44 83 6
44 86 2
44 92 7
44 94 2
44 95 2
44 99 2
45 3 4
45 7 9
45 12 6
45 14 5
45 17 8
45 22 10
45 23 1
45 24 10
45 25 2
45 28 10
45 29 9
45 30 1
45 31 4
45 33 9
45 34 6
45 35 8
45 37 7
45 38 5
45 41 9
45 42 10
45 48 5
45 53 2
45 59 3
45 60 8
45 63 10
45 65 4
45 66 6
45 69 6
45 70 1
45 71 5
45 72 8
45 73 9
45 74 9
45 78 9
45 80 4
45 83 5
45 92 2
45 94 8
45 96 7
46 5 5
46 7 6
46 10 4
46 17 4
46 18 4
46 19 10
46 22 6
46 23 8
46 24 4
46 25 1
46 37 1
46 39 7
46 40 2
46 43 10
46 45 9
46 56 4
46 61 6
46 63 6
46 65 4
46 71 5
46 78 5
46 86 5
46 88 6
46 91 6
46 96 3
47 6 5
47 9 7
47 17 4
47 18 7
47 22 7
47 27 8
47 29 10
47 41 6
47 42 7
47 44 8
47 49 6
47 53 6
47 60 9
47 63 2
47 64 6
47 65 4
47 68 5
47 69 4
47 70 10
47 73 6
47 74 5
47 78 6
47 87 8
47 91 5
47 94 6
47 96 8
47 97 8
48 0 5
48 14 3
48 15 6
48 17 10
48 26 8
48 27 2
48 30 10
48 31 2
48 33 6
48 34 3
48 36 10
48 43 10
48 46 8
48 50 6
48 51 2
48 61 7
48 68 5
48 77 2
48 80 3
48 83 8
48 87 10
48 92 9
48 93 7
49 1 5
49 66 7
49 67 4
49 4 10
49 5 5
49 33 7
49 40 4
49 71 5
49 82 1
49 79 1
49 80 6
49 81 9
49 50 8
49 19 9
49 21 4
49 68 1
49 26 6
49 95 1
49 92 2
49 90 3
49 63 9
50 3 6
50 5 3
50 8 8
50 12 9
50 22 2
50 24 7
50 30 2
50 33 1
50 35 2
50 36 7
50 44 9
50 53 1
50 54 2
50 55 2
50 57 2
50 58 5
50 59 2
50 60 4
50 63 6
50 64 4
50 68 10
50 69 3
50 71 5
50 75 2
50 76 10
50 78 4
50 89 8
51 0 3
51 2 4
51 4 4
51 5 2
51 7 9
51 8 2
51 10 3
51 11 9
51 12 6
51 17 1
51 18 8
51 24 2
51 28 4
51 30 1
51 31 3
51 34 2
51 44 4
51 46 2
51 49 3
51 50 4
51 52 5
51 53 8
51 54 6
51 57 6
51 64 4
51 65 4
51 66 4
51 68 7
51 80 9
51 81 1
51 82 1
51 83 3
51 85 3
51 86 5
51 87 6
51 90 3
51 91 5
51 95 6
51 96 6
51 98 3
52 1 7
52 4 4
52 5 10
52 9 4
52 15 2
52 22 6
52 27 8
52 29 3
52 32 1
52 38 1
52 45 6
52 55 9
52 60 3
52 80 10
52 81 10
52 82 5
52 83 1
52 86 7
52 87 7
52 88 9
52 90 4
52 91 3
52 93 3
52 95 2
52 97 10
53 13 6
53 19 1
53 22 2
53 23 6
53 27 9
53 31 7
53 33 9
53 35 9
53 40 6
53 41 4
53 45 1
53 51 7
53 54 4
53 55 4
53 57 1
53 59 6
53 61 5
53 62 9
53 65 6
53 66 2
53 67 8
53 74 7
53 76 2
53 77 2
53 78 10
53 81 2
53 83 5
53 85 10
53 95 9
54 0 5
54 2 6
54 3 7
54 4 3
54 5 9
54 8 4
54 9 5
54 10 10
54 11 10
54 15 10
54 16 2
54 17 2
54 18 2
54 19 6
54 22 4
54 24 3
54 26 2
54 30 5
54 33 7
54 34 3
54 36 7
54 45 1
54 49 10
54 50 6
54 57 8
54 59 10
54 63 2
54 68 9
54 78 6
54 80 9
54 84 2
54 90 1
54 99 8
55 0 4
55 1 3
55 5 5
55 8 8
55 9 3
55 10 4
55 11 3
55 23 4
55 25 1
55 26 1
55 28 10
55 30 1
55 32 5
55 33 2
55 34 5
55 38 4
55 41 5
55 43 1
55 44 2
55 51 8
55 53 6
55 64 8
55 66 4
55 68 1
55 71 9
55 72 3
55 73 6
55 78 9
55 83 8
55 84 5
55 88 8
55 90 10
55 94 5
55 95 10
56 1 5
56 3 9
56 4 3
56 17 3
56 22 8
56 24 1
56 26 9
56 27 3
56 36 2
56 37 6
56 40 10
56 43 4
56 47 10
56 48 8
56 49 2
56 55 3
56 58 2
56 61 1
56 63 8
56 64 4
56 72 6
56 73 1
56 76 9
56 77 2
56 78 3
56 83 1
56 84 8
56 89 1
56 92 8
56 99 8
57 2 2
57 7 8
57 10 3
57 17 8
57 19 9
57 22 3
57 28 3
57 34 6
57 36 4
57 37 10
57 38 9
57 39 10
57 41 8
57 42 10
57 43 1
57 46 3
57 47 7
57 50 9
57 52 1
57 56 2
57 59 7
57 60 6
57 61 7
57 62 1
57 63 4
57 64 7
57 67 1
57 69 10
57 75 3
57 79 6
57 89 4
57 93 2
57 94 9
58 1 4
58 2 2
58 3 9
58 4 8
58 9 4
58 10 8
58 12 2
58 19 6
58 26 4
58 28 3
58 38 5
58 39 3
58 43 8
58 51 10
58 52 3
58 57 7
58 60 6
58 61 10
58 63 10
58 66 1
58 71 10
58 78 8
58 80 10
58 82 1
58 83 3
58 88 8
58 91 9
58 92 2
58 97 2
58 99 1
59 1 9
59 4 8
59 8 3
59 9 1
59 11 3
59 14 7
59 15 7
59 23 10
59 24 6
59 25 9
59 30 1
59 39 9
59 42 8
59 43 10
59 49 10
59 55 9
59 58 5
59 60 9
59 62 8
59 63 1
59 66 7
59 67 8
59 68 5
59 72 2
59 77 4
59 81 3
59 82 7
59 89 1
59 90 6
59 94 1
59 95 2
59 98 2
60 1 3
60 2 7
60 3 8
60 5 6
60 7 3
60 14 4
60 15 8
60 18 3
60 20 5
60 22 9
60 25 6
60 27 5
60 30 5
60 34 2
60 40 10
60 42 10
60 44 5
60 45 6
60 47 2
60 48 5
60 55 8
60 59 4
60 61 3
60 62 7
60 66 2
60 72 6
60 74 6
60 76 10
60 79 5
60 80 9
60 85 6
60 86 6
60 88 10
60 89 2
60 91 1
60 92 10
60 93 2
60 97 10
60 99 5
61 2 4
61 3 4
61 4 9
61 5 3
61 6 4
61 7 5
61 12 6
61 14 9
61 16 3
61 18 4
61 19 6
61 20 6
61 23 9
61 26 2
61 30 10
61 31 9
61 33 4
61 34 1
61 36 8
61 40 8
61 41 4
61 47 7
61 54 4
61 56 4
61 62 2
61 63 9
61 66 5
61 74 3
61 75 5
61 77 9
61 78 7
61 79 10
61 84 5
61 87 4
61 90 2
61 91 4
61 92 3
61 97 8
61 98 9
61 99 10
62 4 1
62 13 1
62 35 6
62 38 5
62 40 9
62 42 2
62 45 3
62 46 10
62 47 2
62 48 9
62 49 5
62 51 3
62 55 10
62 56 7
62 58 5
62 63 8
62 66 9
62 67 9
62 68 6
62 74 4
62 75 8
62 83 10
62 84 6
62 87 9
62 90 2
62 92 4
62 97 8
63 3 5
63 9 4
63 13 3
63 16 4
63 19 1
63 20 4
63 23 5
63 24 4
63 30 5
63 34 10
63 40 9
63 42 7
63 43 1
63 48 7
63 49 4
63 52 2
63 53 10
63 55 7
63 64 3
63 66 9
63 67 8
63 69 9
63 70 9
63 73 5
63 74 1
63 78 4
63 82 10
63 85 2
63 87 3
63 88 3
63 97 7
63 98 1
64 9 2
64 17 1
64 18 8
64 19 8
64 30 5
64 38 7
64 44 5
64 45 9
64 49 6
64 51 9
64 53 9
64 55 4
64 62 8
64 63 3
64 66 4
64 67 9
64 69 1
64 73 9
64 75 6
64 84 8
64 88 2
64 89 10
64 92 3
64 93 7
64 94 5
64 95 3
64 98 10
65 1 9
65 9 1
65 11 3
65 15 10
65 17 6
65 19 5
65 24 6
65 25 5
65 26 1
65 30 6
65 31 3
65 32 10
65 33 2
65 41 4
65 43 9
65 51 5
65 53 2
65 55 7
65 57 10
65 58 2
65 59 3
65 68 5
65 69 8
65 72 5
65 77 4
65 84 4
65 85 9
65 87 7
65 92 1
65 96 1
65 99 8
66 0 10
66 1 4
66 7 9
66 8 2
66 9 1
66 10 7
66 12 1
66 15 7
66 18 3
66 21 2
66 26 1
66 28 7
66 30 7
66 34 10
66 37 6
66 38 5
66 39 4
66 40 1
66 41 6
66 42 10
66 44 3
66 45 5
66 52 3
66 53 2
66 54 9
66 62 7
66 65 1
66 71 4
66 74 3
66 79 10
66 84 1
66 91 4
66 98 3
67 0 7
67 6 7
67 7 9
67 8 2
67 9 2
67 13 4
67 16 10
67 20 6
67 21 2
67 24 7
67 26 6
67 31 5
67 36 5
67 38 10
67 41 8
67 42 10
67 51 2
67 59 2
67 61 4
67 62 8
67 63 7
67 64 2
67 65 2
67 66 6
67 68 5
67 70 7
67 71 8
67 75 9
67 76 9
67 77 7
67 88 6
67 89 3
67 90 7
67 92 8
67 95 8
67 97 3
67 99 6
68 11 3
68 13 8
68 16 3
68 24 8
68 26 3
68 29 3
68 31 7
68 33 4
68 34 2
68 36 7
68 44 8
68 46 1
68 47 6
68 48 2
68 49 7
68 50 10
68 53 7
68 56 1
68 61 10
68 63 4
68 66 3
68 67 3
68 71 3
68 74 10
68 77 9
68 78 4
68 87 7
68 89 2
68 91 3
68 95 5
68 96 7
68 99 9
69 0 2
69 2 10
69 6 6
69 11 5
69 14 2
69 18 8
69 20 5
69 25 7
69 26 2
69 28 7
69 29 10
69 30 8
69 32 7
69 35 9
69 44 3
69 49 8
69 53 9
69 54 2
69 55 4
69 57 1
69 59 8
69 60 10
69 61 6
69 66 7
69 68 7
69 74 4
69 77 1
69 84 7
69 86 3
69 88 9
69 89 8
69 94 7
69 98 3
70 3 4
70 8 1
70 9 6
70 10 9
70 11 3
70 13 1
70 14 4
70 16 6
70 19 10
70 20 2
70 22 1
70 24 2
70 25 6
70 36 2
70 37 3
70 38 5
70 45 5
70 49 3
70 54 1
70 56 1
70 58 8
70 59 5
70 60 6
70 61 7
70 63 9
70 67 6
70 68 10
70 72 2
70 73 6
70 75 3
70 78 7
70 80 2
70 81 7
70 86 4
70 87 7
70 88 2
70 90 6
70 96 7
70 97 8
71 3 2
71 7 6
71 8 8
71 13 9
71 14 5
71 18 3
71 20 2
71 23 7
71 25 3
71 29 9
71 38 5
71 45 3
71 46 8
71 47 1
71 51 2
71 55 8
71 57 8
71 60 5
71 62 7
71 65 4
71 70 10
71 72 7
71 73 4
71 76 1
71 81 4
71 82 10
71 84 9
71 87 8
71 88 6
71 90 1
71 92 4
71 94 2
72 3 5
72 7 2
72 8 7
72 16 2
72 17 3
72 18 10
72 26 6
72 30 4
72 33 10
72 48 4
72 53 1
72 54 2
72 56 8
72 60 9
72 64 9
72 73 1
72 76 7
72 80 4
72 81 7
72 85 5
72 89 10
72 92 1
72 93 8
72 95 7
72 96 4
72 98 5
72 99 6
73 2 4
73 5 8
73 6 3
73 13 8
73 14 5
73 18 10
73 21 7
73 22 4
73 28 6
73 37 6
73 40 3
73 41 7
73 44 5
73 46 10
73 48 1
73 50 10
73 52 3
73 55 2
73 59 3
73 62 4
73 71 9
73 76 5
73 77 9
73 80 10
73 86 3
73 87 5
73 88 6
73 89 5
73 91 8
73 92 5
73 93 2
73 96 2
74 6 2
74 7 4
74 8 1
74 13 10
74 14 8
74 17 5
74 18 1
74 22 9
74 28 6
74 31 4
74 32 7
74 33 4
74 36 8
74 39 8
74 41 7
74 50 9
74 52 7
74 57 5
74 58 2
74 64 1
74 66 5
74 69 8
74 71 5
74 79 9
74 84 7
74 87 6
74 89 2
74 91 9
74 92 10
74 93 6
74 95 3
74 99 6
75 0 10
75 10 10
75 12 2
75 24 3
75 30 6
75 34 9
75 39 7
75 42 1
75 45 1
75 47 4
75 53 8
75 58 3
75 59 6
75 60 7
75 61 3
75 64 5
75 65 9
75 69 3
75 70 6
75 74 8
75 77 8
75 81 5
75 84 9
75 90 1
75 94 8
75 95 2
75 97 8
75 98 10
76 6 9
76 7 2
76 9 4
76 11 2
76 14 4
76 17 3
76 29 1
76 30 7
76 31 7
76 36 1
76 42 5
76 44 1
76 47 10
76 49 8
76 53 4
76 58 4
76 66 5
76 67 8
76 68 9
76 69 3
76 71 6
76 72 1
76 73 2
76 84 5
76 85 2
76 94 9
76 95 10
76 96 7
77 0 10
77 3 4
77 8 4
77 10 1
77 13 2
77 15 7
77 16 4
77 24 5
77 27 4
77 28 1
77 32 2
77 33 10
77 38 8
77 41 8
77 44 1
77 48 6
77 52 5
77 56 1
77 58 4
77 60 9
77 61 1
77 62 10
77 63 4
77 66 3
77 68 7
77 70 7
77 71 5
77 72 7
77 73 5
77 74 5
77 76 10
77 81 10
77 84 9
77 85 8
77 92 10
77 93 6
78 6 2
78 10 8
78 13 3
78 14 9
78 21 4
78 27 9
78 29 10
78 30 9
78 35 7
78 39 7
78 41 10
78 43 8
78 45 5
78 47 9
78 48 2
78 49 7
78 50 3
78 63 3
78 65 2
78 68 4
78 69 4
78 74 5
78 81 8
78 83 7
78 87 4
78 89 6
78 90 1
78 94 6
78 95 1
78 96 8
78 97 9
79 2 4
79 3 7
79 5 2
79 6 10
79 9 2
79 10 9
79 11 3
79 13 1
79 15 8
79 16 8
79 19 1
79 21 6
79 28 5
79 29 10
79 31 3
79 37 2
79 40 10
79 49 2
79 52 3
79 53 9
79 54 1
79 56 3
79 58 6
79 60 4
79 62 4
79 66 6
79 83 7
79 84 10
79 87 10
79 89 8
79 91 2
79 94 7
79 98 3
80 1 8
80 4 4
80 5 7
80 6 4
80 8 4
80 12 5
80 13 6
80 14 4
80 15 2
80 16 7
80 17 6
80 20 8
80 23 6
80 24 3
80 28 5
80 34 2
80 35 10
80 38 5
80 41 1
80 44 7
80 45 9
80 48 3
80 51 5
80 56 4
80 58 4
80 63 4
80 64 9
80 72 5
80 77 1
80 78 9
80 81 5
80 83 3
80 89 1
80 90 6
80 95 2
81 0 1
81 3 6
81 4 5
81 8 6
81 9 5
81 16 8
81 18 10
81 19 9
81 20 7
81 25 3
81 26 10
81 30 7
81 31 1
81 33 5
81 34 5
81 38 3
81 41 2
81 44 5
81 48 8
81 53 9
81 57 1
81 60 4
81 62 4
81 64 6
81 65 5
81 66 2
81 67 10
81 72 5
81 79 10
81 80 3
81 83 10
81 85 8
81 86 3
81 88 5
81 90 1
81 91 4
81 94 8
81 98 2
81 99 8
82 1 2
82 8 10
82 10 8
82 18 2
82 21 3
82 23 4
82 24 2
82 25 5
82 29 3
82 36 4
82 38 10
82 49 7
82 52 9
82 53 5
82 54 4
82 62 2
82 66 4
82 75 4
82 79 8
82 85 2
82 86 6
82 88 8
82 92 6
82 94 10
82 99 2
83 1 1
83 3 9
83 7 10
83 12 9
83 13 1
83 14 6
83 15 6
83 17 7
83 20 3
83 21 7
83 25 3
83 33 6
83 34 4
83 35 3
83 36 10
83 39 10
83 40 5
83 42 8
83 44 6
83 47 7
83 49 5
83 52 4
83 53 7
83 54 4
83 56 2
83 62 1
83 64 7
83 75 6
83 80 4
83 82 1
83 85 7
83 86 6
83 92 7
83 93 6
83 96 10
84 2 3
84 5 8
84 6 1
84 13 3
84 16 5
84 18 10
84 24 1
84 25 7
84 34 5
84 35 6
84 36 5
84 38 5
84 39 9
84 45 2
84 46 5
84 55 6
84 58 9
84 64 4
84 66 9
84 69 3
84 78 7
84 85 2
84 94 9
85 2 10
85 13 9
85 19 7
85 22 7
85 26 10
85 27 3
85 30 8
85 33 6
85 36 1
85 43 7
85 51 9
85 53 7
85 55 9
85 57 5
85 58 8
85 60 7
85 69 6
85 77 10
85 79 9
85 80 3
85 81 4
85 82 2
85 86 4
85 88 5
85 91 7
85 94 4
85 95 1
85 96 2
85 97 3
85 98 4
85 99 2
86 2 4
86 3 2
86 5 4
86 10 9
86 15 6
86 21 2
86 23 6
86 28 6
86 30 3
86 38 8
86 41 4
86 46 7
86 47 3
86 48 6
86 51 10
86 52 6
86 55 5
86 59 7
86 60 10
86 62 8
86 68 9
86 73 9
86 75 2
86 78 8
86 80 4
86 81 2
86 83 5
86 88 3
86 89 5
86 92 10
86 94 6
86 95 10
86 96 3
86 97 1
86 98 5
87 1 2
87 2 7
87 3 5
87 4 5
87 10 6
87 14 1
87 15 5
87 16 7
87 20 9
87 21 7
87 22 3
87 27 9
87 29 8
87 32 1
87 35 6
87 43 4
87 48 10
87 53 3
87 55 9
87 56 9
87 59 5
87 63 3
87 64 8
87 65 10
87 71 1
87 72 8
87 76 4
87 82 9
87 88 6
87 89 10
87 94 3
87 97 5
87 99 10
88 0 6
88 2 1
88 3 1
88 6 5
88 7 8
88 8 8
88 9 7
88 12 7
88 25 7
88 29 7
88 31 3
88 34 1
88 40 2
88 42 8
88 48 9
88 54 5
88 55 6
88 56 10
88 57 2
88 58 8
88 59 3
88 61 1
88 62 6
88 64 6
88 65 8
88 72 5
88 75 6
88 76 6
88 79 4
88 86 10
88 87 10
88 90 6
88 91 3
88 97 2
88 99 2
89 1 6
89 2 2
89 5 5
89 6 6
89 7 7
89 9 8
89 11 10
89 14 5
89 16 3
89 17 5
89 19 3
89 22 4
89 23 8
89 24 6
89 26 5
89 29 4
89 30 1
89 32 5
89 33 4
89 34 1
89 38 8
89 39 8
89 41 10
89 45 5
89 47 7
89 50 4
89 57 1
89 59 7
89 60 10
89 68 8
89 70 2
89 71 3
89 72 1
89 74 1
89 76 5
89 80 10
89 85 2
89 87 5
89 91 10
89 92 1
89 95 6
89 98 1
89 99 5
90 3 4
90 4 5
90 7 6
90 13 5
90 15 2
90 17 3
90 19 4
90 29 6
90 33 9
90 39 8
90 40 8
90 43 8
90 49 9
90 54 10
90 56 3
90 58 5
90 66 3
90 67 1
90 70 10
90 71 2
90 72 9
90 74 8
90 76 6
90 78 2
90 80 5
90 87 3
90 89 3
90 92 2
91 2 1
91 11 8
91 13 4
91 15 6
91 23 9
91 29 6
91 31 1
91 33 7
91 34 6
91 43 6
91 44 7
91 45 8
91 47 2
91 51 6
91 56 2
91 60 2
91 63 3
91 70 2
91 72 4
91 73 6
91 82 10
91 87 2
91 88 7
91 89 8
91 90 4
92 2 7
92 5 6
92 9 7
92 12 5
92 23 3
92 24 1
92 27 1
92 30 4
92 34 3
92 35 3
92 36 7
92 38 2
92 40 1
92 41 10
92 44 8
92 45 9
92 48 2
92 50 8
92 52 2
92 53 5
92 56 3
92 58 1
92 66 4
92 69 2
92 70 6
92 72 5
92 73 10
92 74 2
92 75 4
92 81 1
92 82 9
92 84 9
92 85 7
92 87 9
92 91 5
92 94 9
92 97 8
92 99 1
93 1 6
93 8 8
93 9 7
93 12 7
93 13 8
93 16 3
93 29 1
93 31 6
93 35 10
93 36 9
93 39 2
93 41 7
93 44 1
93 48 1
93 49 6
93 54 10
93 55 9
93 56 2
93 57 8
93 59 7
93 65 10
93 69 1
93 72 7
93 80 3
93 85 8
93 90 5
94 4 6
94 6 1
94 11 8
94 12 9
94 17 2
94 18 4
94 20 8
94 22 1
94 31 2
94 32 10
94 33 6
94 34 8
94 35 3
94 39 2
94 41 8
94 43 6
94 45 7
94 47 1
94 49 3
94 51 7
94 58 9
94 62 6
94 63 5
94 64 9
94 65 3
94 67 1
94 72 1
94 73 10
94 75 1
94 76 6
94 77 9
94 78 10
94 80 8
94 84 10
94 95 7
94 96 9
94 97 1
95 6 10
95 13 2
95 16 10
95 17 8
95 20 2
95 24 2
95 27 10
95 33 9
95 34 8
95 35 9
95 38 6
95 41 10
95 44 10
95 45 9
95 46 7
95 47 10
95 48 5
95 52 1
95 60 3
95 61 5
95 70 8
95 76 5
95 78 4
95 81 9
95 82 7
95 85 4
95 86 6
95 90 7
95 91 2
95 97 3
96 5 7
96 11 3
96 16 3
96 17 9
96 18 6
96 23 10
96 39 1
96 42 10
96 46 3
96 47 6
96 49 2
96 59 8
96 63 10
96 64 8
96 65 10
96 66 6
96 68 6
96 69 1
96 71 6
96 80 8
96 87 6
96 92 7
96 93 9
96 94 7
96 97 4
96 99 1
97 0 4
97 7 7
97 16 9
97 18 2
97 20 8
97 23 1
97 25 2
97 26 1
97 28 4
97 30 1
97 31 1
97 35 8
97 40 7
97 42 9
97 47 3
97 53 1
97 54 5
97 55 5
97 57 7
97 59 4
97 61 10
97 64 4
97 67 7
97 69 10
97 74 10
97 75 5
97 76 3
97 77 1
97 87 7
97 89 4
97 90 8
97 91 2
97 92 8
97 93 4
97 94 10
97 96 1
97 98 9
98 0 6
98 3 4
98 5 8
98 7 7
98 8 1
98 10 2
98 14 5
98 15 8
98 17 5
98 18 9
98 23 4
98 31 6
98 36 4
98 37 9
98 40 3
98 51 7
98 56 6
98 57 5
98 68 10
98 71 6
98 76 6
98 78 10
98 79 4
98 80 5
98 81 10
98 82 7
98 83 3
98 85 10
98 86 6
98 88 8
98 89 10
98 92 7
98 95 7
98 97 4
99 1 4
99 6 6
99 8 3
99 15 9
99 21 1
99 22 1
99 26 3
99 28 6
99 33 6
99 34 8
99 35 4
99 38 8
99 44 8
99 45 3
99 46 4
99 47 6
99 49 8
99 52 4
99 54 5
99 55 6
99 57 8
99 58 6
99 68 2
99 74 7
99 76 10
99 82 4
99 83 4
99 84 7
99 85 9
99 92 6
99 93 8
99 96 5
99 97 7
